00000000000000000000000000000000
00000000000000000000000000000000
00000000000001111000000000000000
00000000000010111100000000000000
00000000000100110110000000000000
00000000000101110010000000000000
00000000001111111111000000000000
00000000001111001111000000000000
00000000001111001001000000000000
00000000001001111011000000000000
00000000000100111110000000000000
00000000000011100100000000000000
00000000000111111110000000000000
00000000000000000000000000000000
00000000000000000000000000000000
00000000000000000000000000000000